908218	293212	357025
43457	121655	912143
241853	594387	386639
94594	464351	692508
369855	189712	445125
367148	958465	498497
920183	581426	293732
987619	177650	731674
418464	872366	353548
22152	6059	573370
989831	655837	470180
935656	897843	398067
643760	733845	83720
573116	391497	473597
63306	751956	174204
75617	731043	145762
399733	598340	429227
787571	466155	206659
749535	298995	567228
276199	918771	880542
306641	153819	746849
936590	158365	27125
259517	719184	517161
14001	699046	852178
442871	558322	846948
642722	327756	642641
725612	733397	971032
557435	58308	136214
567375	912101	680070
972026	625550	838510
834290	12869	209633
938522	375927	300136
776717	823877	489460
783870	950956	672112
746959	915275	573691
220522	439675	361831
796733	39748	772820
90390	754649	433193
5295	201539	691480
517612	16697	338074
119504	825103	806202
374402	410768	816371
706020	16380	21135
823178	257358	201653
407735	803352	19610
581159	790646	130274
43077	354126	611921
969384	747009	698653
597391	741360	318916
136136	551385	586904
716786	509318	5120
851351	271396	408859
920039	947790	616501
204281	697652	869440
685422	374487	976963
418022	641432	983548
357030	706066	489731
142239	303773	200427
343132	627580	721783
778012	818296	635929
630747	664710	292319
347631	788355	986192
86125	811231	768170
692634	416067	7554
190466	83953	942467
271185	404450	717583
528060	663043	186313
291851	256194	426670
118306	214447	44266
417049	701077	753180
501307	359915	562587
990141	665110	546427
378346	735165	548112
697844	930468	888191
448300	829355	151032
59198	211231	381826
63895	86521	301891
62029	171245	325288
304008	61902	243418
781248	653944	238318
141017	20884	460388
890388	344679	836030
235046	273266	612619
136349	806401	420554
397223	320438	695436
734863	889113	127163
143921	444271	403214
72271	807347	399582
853692	712863	434545
653269	400095	259346
152775	195057	910626
929253	32088	483706
423020	304201	211294
495655	300347	533510
660421	819395	280453
568506	882137	506411
108372	13573	791128
297879	59667	894711
260884	236821	173454
503793	748131	156892
110575	652868	366296
200520	14524	434030
717577	704937	997732
410709	647451	232675
449295	171983	656077
242894	268594	128040
803032	709046	575074
547511	468513	82885
926284	325032	849166
495677	507633	604993
229130	884912	904755
648845	632659	440759
375125	476780	425936
571953	765110	677555
438298	491752	163790
634374	605594	13901
550996	298417	297324
593644	408331	688267
788844	677855	266693
998359	583154	675641
228544	711257	97071
977155	216783	121766
694971	416050	961954
707773	440297	791578
75814	496943	243169
415801	662757	660611
541208	922011	75672
575467	291791	997455
317910	289656	718219
661035	579948	158991
858511	614416	253330
823764	702021	48962
648846	135833	376799
64426	278957	877608
332566	99849	653834
606287	865793	903812
950884	641421	751344
570528	857283	857341
76823	536001	486061
884411	701143	724608
878174	70001	615117
809671	296144	292108
944109	704001	210739
953817	183787	752524
730970	149421	460786
951972	10103	591849
640671	601410	434621
636039	745379	718199
776211	772923	649726
897649	59880	530817
472220	538479	829406
13504	36166	187155
874741	254508	765421
534894	607883	824892
637933	359520	216449
613628	264446	262556
64853	436849	404351
160561	792991	532047
569564	351385	449388
242417	47768	850924
374032	46387	410533
161274	38267	419004
121615	404060	906629
92541	124308	390192
25586	828928	733351
80586	106093	571002
629835	167065	25472
291506	215501	861044
760161	184349	134231
852660	4456	634138
771357	287411	127177
647311	855608	360457
335333	249065	173760
720515	154847	922656
910028	104627	143389
253941	380255	669808
288676	971927	859652
573689	267769	760662
911902	407173	5849
305767	23411	50857
998195	50151	725413
983634	704951	913468
617183	489171	988392
968359	44208	700392
296009	511137	216844
809409	349277	502627
297070	28442	699691
707148	649442	732188
547832	550338	885384
422198	179075	522244
451214	659693	76916
636261	262546	428521
675916	772580	808471
28199	523828	325879
220201	709822	534632
112991	45962	704222
512174	662370	923968
245499	24647	677602
469356	231974	922188
896121	314093	324403
896517	103267	675965
103939	766767	180221
656479	547279	725472
296757	228714	384414
607482	849865	629843
716778	483950	36969
770949	349859	390587
173087	321264	201059
294477	433812	223416
612734	588062	87303
129251	370051	837068
901012	484518	531246
89384	614392	585643
601759	191216	657482
45994	87965	542254
125034	19865	783258
804697	168785	91116
897091	725269	706715
448016	175406	376852
880427	952710	730808
544674	829956	595256
941439	986070	984931
318238	778348	653322
768303	602647	878237
995334	142121	134207
548512	791512	856579
950652	47899	139901
701370	816197	684590
535387	983333	442670
991809	790443	396576
31045	726642	575728
394021	628332	589695
342353	324982	243477
764389	746660	578091
896563	419994	701357
346261	794618	803288
736302	240815	552154
343178	816913	34992
718482	31320	765629
225575	755437	346161
175886	563458	825431
559472	770892	31016
764547	430876	352050
901111	346044	355578
199324	958671	331225
83121	324206	950641
35374	26703	139087
391615	640613	22609
470800	637466	675866
416325	870052	670383
585398	310436	859765
947966	467094	408883
860401	496710	485222
373996	814722	596982
684626	456209	329703
507373	31625	936996
231338	846069	540748
400746	465244	168734
955822	826460	959666
782280	842433	693975
301435	160231	196345
906672	87230	164768
819051	703541	558085
313943	460942	550261
80700	886535	92891
87302	671040	151198
554585	725581	299711
741570	228453	642666
478537	56241	289923
405308	319104	179894
708581	74617	831181
258367	227499	202294
457914	873303	551678
108899	253715	965376
970108	97658	835879
751477	427270	520640
581998	155145	415584
420532	65439	829761
163560	450935	874201
161121	959639	513255
493783	553666	985396
757971	137439	199215
629974	948929	362008
105637	406281	867374
646462	880464	168630
117352	430895	905301
431538	646429	152596
282344	509922	375275
52706	564739	533792
224340	270069	431317
906875	435701	507695
939783	515507	621243
577874	304051	76514
508605	122500	302014
49954	900509	665304
197465	96591	894696
596285	355092	615234
917814	196303	233669
783505	345317	511403
186435	56089	131257
923935	368622	832569
136423	427165	531929
858079	967544	989624
763571	656858	160477
71719	31919	817590
891992	441150	546950
987287	662384	798364
252285	725780	320337
548188	112048	301122
943357	711502	489698
936554	5187	47657
138313	421234	837434
379780	114601	10485
196446	275615	867556
625445	113625	85940
517787	748679	454935
51206	278203	122232
549572	62907	486653
180469	817564	708836
824381	110221	243474
924280	192377	927861
187064	517214	877657
411173	368810	65573
966669	539064	812306
40422	360553	537886
394355	546527	671468
845743	531236	659404
176250	346448	579749
357612	175269	172660
739412	53036	411669
66587	698568	202506
543247	936026	438128
832846	375205	780618
